IMG_1468832894.185000000.jpg -75.622522 -40.654833 -172.350586 657739.197431 6860690.284637 53.534337
IMG_1468832894.353000000.jpg -87.229004 -37.815974 179.622695 657739.121702 6860690.289182 53.551678
IMG_1468832894.513000000.jpg -88.444162 -34.940590 176.971534 657739.048395 6860690.281008 53.554909
IMG_1468832894.615000000.jpg -89.215569 -35.550995 174.981827 657739.040694 6860690.280890 53.512190
IMG_1468832894.783000000.jpg -89.492557 -37.899655 173.994851 657739.054910 6860690.268603 53.511170
IMG_1468832894.885000000.jpg -89.733215 -37.855903 174.034756 657739.073118 6860690.257437 53.535183
IMG_1468832895.047000000.jpg -90.066928 -36.068290 174.200862 657739.080415 6860690.247068 53.550968
IMG_1468832895.183000000.jpg -90.476088 -35.172913 172.674962 657739.076199 6860690.251210 53.533739
IMG_1468832895.316000000.jpg -91.185998 -35.123070 171.595166 657739.071969 6860690.249074 53.521922
IMG_1468832895.487000000.jpg -91.282620 -34.859883 171.601552 657739.088527 6860690.239849 53.526303
IMG_1468832895.853000000.jpg -90.959185 -34.450115 171.516511 657739.070349 6860690.246206 53.517671
IMG_1468832895.994000000.jpg -90.194600 -34.203820 172.075942 657739.065606 6860690.243144 53.530627
IMG_1468832896.158000000.jpg -89.848945 -33.596298 172.081714 657739.074497 6860690.238820 53.528233
IMG_1468832896.291000000.jpg -89.712391 -33.080342 171.774224 657739.067632 6860690.237606 53.527126
IMG_1468832896.454000000.jpg -89.914309 -33.531280 170.740366 657739.001206 6860690.253565 53.512302
IMG_1468832896.588000000.jpg -90.305703 -34.277029 170.798629 657738.965946 6860690.252280 53.504801
IMG_1468832896.722000000.jpg -90.658841 -35.760629 171.443340 657738.926404 6860690.255063 53.516110
IMG_1468832896.892000000.jpg -90.650547 -35.484505 172.487680 657738.870050 6860690.257725 53.506858
IMG_1468832897.028000000.jpg -90.198772 -36.299751 172.404835 657738.831092 6860690.252897 53.504508
IMG_1468832897.191000000.jpg -89.574369 -36.214452 172.034064 657738.794202 6860690.265798 53.519841
IMG_1468832897.325000000.jpg -89.976300 -36.775056 171.319252 657738.765050 6860690.288377 53.520340
IMG_1468832897.494000000.jpg -89.554542 -36.053622 172.085568 657738.751558 6860690.307416 53.525328
IMG_1468832897.659000000.jpg -89.347333 -35.222708 172.932777 657738.724486 6860690.340348 53.520722
IMG_1468832897.831000000.jpg -88.149951 -34.779130 174.928374 657738.664499 6860690.378629 53.532283
IMG_1468832897.967000000.jpg -86.874826 -33.548977 176.198830 657738.651329 6860690.388678 53.558778
IMG_1468832898.130000000.jpg -87.288321 -33.318292 175.496322 657738.594560 6860690.407535 53.551165
IMG_1468832898.304000000.jpg -87.792486 -34.442057 173.645311 657738.519858 6860690.420454 53.537878
IMG_1468832898.468000000.jpg -87.960831 -33.880486 173.156146 657738.469166 6860690.419007 53.552642
IMG_1468832898.638000000.jpg -89.569030 -34.209619 173.053569 657738.379417 6860690.417224 53.516986
IMG_1468832898.737000000.jpg -90.757574 -34.846050 172.956988 657738.330694 6860690.405489 53.477656
IMG_1468832898.906000000.jpg -90.917988 -39.328177 172.282511 657738.276449 6860690.381351 53.458336
IMG_1468832899.038000000.jpg -89.700417 -40.630176 173.136367 657738.219212 6860690.375969 53.559924
IMG_1468832899.205000000.jpg -92.465697 -41.716302 169.838113 657738.167302 6860690.386327 53.499371
IMG_1468832899.378000000.jpg -91.840093 -43.826924 169.931512 657738.102276 6860690.400350 53.488005
IMG_1468832899.504000000.jpg -91.716173 -45.783569 169.962023 657738.051654 6860690.414774 53.485969
IMG_1468832899.668000000.jpg -90.279068 -44.733710 172.585826 657737.993422 6860690.441771 53.559437
IMG_1468832899.803000000.jpg -89.521932 -43.973731 174.078077 657737.920870 6860690.435525 53.564457
IMG_1468832899.948000000.jpg -88.970717 -42.002494 173.484314 657737.875738 6860690.442381 53.553927
IMG_1468832900.074000000.jpg -89.067132 -42.493811 172.296945 657737.785767 6860690.422587 53.521140
IMG_1468832900.208000000.jpg -88.628777 -42.417162 172.707382 657737.726922 6860690.416073 53.510707
IMG_1468832900.339000000.jpg -89.540323 -42.884420 172.530848 657737.649865 6860690.400258 53.485638
IMG_1468832900.510000000.jpg -88.709423 -43.690308 173.636252 657737.568092 6860690.371577 53.480475
IMG_1468832900.647000000.jpg -87.374593 -45.425443 173.296943 657737.485234 6860690.338486 53.499835
IMG_1468832900.812000000.jpg -85.315849 -43.992933 174.271570 657737.443669 6860690.336456 53.512680
IMG_1468832900.979000000.jpg -85.056735 -43.866352 175.039060 657737.351493 6860690.341118 53.477124
IMG_1468832901.148000000.jpg -86.125676 -43.639687 175.155097 657737.298196 6860690.351981 53.488411
IMG_1468832901.281000000.jpg -85.979779 -44.872927 175.840173 657737.194252 6860690.337767 53.495030
IMG_1468832901.451000000.jpg -84.989075 -43.134802 177.183384 657737.179770 6860690.330597 53.518160
IMG_1468832901.586000000.jpg -85.468454 -42.612541 175.256871 657737.114043 6860690.314078 53.464901
IMG_1468832901.753000000.jpg -86.786151 -46.214154 172.894565 657737.040398 6860690.279605 53.419064
IMG_1468832902.123000000.jpg -88.152785 -52.351372 172.589332 657736.890266 6860690.183217 53.411874
IMG_1468832902.284000000.jpg -84.815010 -53.224661 175.602355 657736.841078 6860690.109383 53.561252
IMG_1468832902.453000000.jpg -87.695142 -49.277842 173.000212 657736.782088 6860690.090773 53.430682
IMG_1468832902.589000000.jpg -86.515655 -49.563935 174.371515 657736.748485 6860690.033984 53.463436
IMG_1468832902.752000000.jpg -86.550218 -47.417946 175.202750 657736.723145 6860689.964958 53.444069
IMG_1468832902.923000000.jpg -83.638535 -43.668944 177.678232 657736.629101 6860689.918716 53.604764
IMG_1468832903.058000000.jpg -86.100666 -41.076545 174.406414 657736.673763 6860689.891461 53.405706
IMG_1468832903.223000000.jpg -86.779028 -41.651223 173.038003 657736.621945 6860689.859566 53.384328
IMG_1468832903.362000000.jpg -87.095174 -42.258250 172.214080 657736.574633 6860689.820218 53.362101
IMG_1468832903.525000000.jpg -87.015512 -43.029716 172.961412 657736.500572 6860689.780057 53.382766
IMG_1468832903.692000000.jpg -86.272416 -44.004262 173.307504 657736.434823 6860689.720973 53.299641
IMG_1468832903.825000000.jpg -85.238091 -45.822440 173.640718 657736.365599 6860689.693023 53.311191
IMG_1468832903.999000000.jpg -85.551705 -47.823887 173.002737 657736.310891 6860689.656984 53.306624
IMG_1468832904.163000000.jpg -86.880024 -49.584399 172.168793 657736.271474 6860689.627919 53.309366
IMG_1468832904.328000000.jpg -86.155884 -48.614462 175.025157 657736.200443 6860689.576000 53.330473
IMG_1468832904.466000000.jpg -85.406766 -47.948220 175.552424 657736.223863 6860689.504429 53.199066
IMG_1468832904.595000000.jpg -86.330723 -53.814555 174.243448 657736.136407 6860689.484367 53.195043
IMG_1468832904.733000000.jpg -85.591690 -54.929803 173.948010 657736.067853 6860689.465695 53.326708
IMG_1468832904.899000000.jpg -86.132239 -53.558240 171.863328 657735.968045 6860689.403153 53.274038
IMG_1468832905.067000000.jpg -83.844159 -55.077350 172.322247 657735.861805 6860689.366027 53.231794
IMG_1468832905.232000000.jpg -81.803097 -55.942998 176.267013 657735.789059 6860689.358741 53.259370
IMG_1468832905.403000000.jpg -81.021177 -56.609524 177.678484 657735.724833 6860689.339685 53.265074
IMG_1468832905.535000000.jpg -80.139086 -55.588037 177.833708 657735.667045 6860689.296899 53.279451
IMG_1468832905.705000000.jpg -79.102009 -53.773418 -179.917287 657735.519701 6860689.195927 53.386166
IMG_1468832905.836000000.jpg -81.543287 -50.893387 178.742572 657735.491837 6860689.171287 53.246126
IMG_1468832906.003000000.jpg -81.406752 -49.193349 179.089555 657735.517052 6860689.122788 53.190120
IMG_1468832906.137000000.jpg -80.753249 -50.397644 178.464938 657735.441841 6860689.070663 53.228647
IMG_1468832906.306000000.jpg -80.274583 -46.115847 177.301132 657735.419840 6860689.027299 53.227783
IMG_1468832906.409000000.jpg -80.582445 -45.955835 176.490671 657735.408655 6860689.053682 53.190054
IMG_1468832906.776000000.jpg -81.920080 -53.035275 176.935216 657735.246480 6860688.977894 53.176310
IMG_1468832907.151000000.jpg -83.626785 -53.541263 175.763321 657735.065592 6860688.960840 53.172898
IMG_1468832907.248000000.jpg -84.330752 -55.611804 176.375654 657735.033060 6860688.943666 53.164112
IMG_1468832907.416000000.jpg -82.086577 -59.162216 179.111702 657734.956877 6860688.946630 53.157130
IMG_1468832907.552000000.jpg -81.402989 -57.338125 -179.762761 657734.901059 6860688.922931 53.154882
IMG_1468832907.716000000.jpg -78.066832 -63.334958 -178.435229 657734.827901 6860688.907393 53.162439
IMG_1468832907.817000000.jpg -79.135517 -66.028877 179.981293 657734.786446 6860688.865889 53.155770
IMG_1468832907.983000000.jpg -80.766177 -66.505296 178.058994 657734.702124 6860688.808110 53.137063
IMG_1468832908.153000000.jpg -80.599010 -65.051959 -179.388706 657734.613644 6860688.747776 53.109447
IMG_1468832908.317000000.jpg -78.110186 -64.968293 -175.496996 657734.521721 6860688.690861 53.093178
IMG_1468832908.452000000.jpg -74.545056 -66.657234 -172.269146 657734.488296 6860688.630614 53.083088
IMG_1468832908.622000000.jpg -74.394388 -66.968140 -171.474168 657734.457183 6860688.557236 53.069755
IMG_1468832908.783000000.jpg -74.400735 -68.647319 -170.264571 657734.432287 6860688.480554 53.055435
IMG_1468832908.917000000.jpg -76.316454 -69.710350 -171.642513 657734.445314 6860688.410725 53.045490
IMG_1468832909.091000000.jpg -78.108890 -69.218727 -173.645967 657734.388417 6860688.319209 53.049364
IMG_1468832909.255000000.jpg -83.920532 -66.247935 177.657392 657734.375467 6860688.228543 53.049959
IMG_1468832909.428000000.jpg -93.859834 -63.893359 166.725690 657734.312922 6860688.160373 53.033850
IMG_1468832909.554000000.jpg -93.900157 -65.264865 166.733952 657734.289798 6860688.084849 53.019204
IMG_1468832909.721000000.jpg -94.586497 -69.032401 166.141803 657734.256038 6860688.014042 53.005932
IMG_1468832909.827000000.jpg -93.541408 -71.445389 166.353212 657734.233111 6860687.964973 53.002925
IMG_1468832909.993000000.jpg -93.832033 -69.049284 167.221072 657734.189960 6860687.880703 53.029159
IMG_1468832910.128000000.jpg -95.821939 -68.352420 165.762093 657734.131063 6860687.754526 53.001316
IMG_1468832910.299000000.jpg -96.286559 -65.690994 165.655087 657734.097804 6860687.679431 52.966960
IMG_1468832910.393000000.jpg -93.759636 -65.701117 167.502963 657734.061082 6860687.666540 52.948887
IMG_1468832910.563000000.jpg -91.928253 -65.266188 167.848252 657734.026667 6860687.602788 52.954959
IMG_1468832910.726000000.jpg -95.385174 -63.858021 164.523423 657733.948967 6860687.571924 52.919079
IMG_1468832910.896000000.jpg -97.204743 -67.065663 162.624049 657733.929847 6860687.631760 52.805167
IMG_1468832911.035000000.jpg -91.235373 -72.149412 166.629411 657733.858575 6860687.439776 52.895624
IMG_1468832911.196000000.jpg -87.209302 -66.623032 171.632906 657733.799454 6860687.378552 52.911123
IMG_1468832911.301000000.jpg -86.169504 -65.621045 172.105696 657733.765423 6860687.442430 52.904240
IMG_1468832911.464000000.jpg -86.252661 -71.156629 173.485875 657733.708388 6860687.431904 52.921633
IMG_1468832911.569000000.jpg -87.907480 -72.123795 173.630830 657733.636953 6860687.351671 52.905130
IMG_1468832911.732000000.jpg -90.148005 -69.729983 173.298280 657733.554032 6860687.285846 52.848100
IMG_1468832911.865000000.jpg -85.204322 -68.440311 177.437598 657733.551173 6860687.401727 52.892787
IMG_1468832912.004000000.jpg -81.107825 -70.533000 179.842620 657733.488143 6860687.278709 52.869819
IMG_1468832912.136000000.jpg -83.510782 -70.595678 177.444413 657733.439685 6860687.192997 52.855253
IMG_1468832912.301000000.jpg -85.673090 -70.840097 176.320124 657733.389342 6860687.119704 52.810246
IMG_1468832912.441000000.jpg -87.104950 -69.363645 175.181190 657733.321749 6860687.103557 52.823615
IMG_1468832912.604000000.jpg -87.022375 -70.643524 174.405048 657733.281545 6860687.029294 52.808152
IMG_1468832912.737000000.jpg -86.501000 -70.239443 174.103988 657733.247017 6860686.971035 52.791555
IMG_1468832912.912000000.jpg -84.696580 -69.349031 176.611557 657733.181630 6860686.937569 52.774659
IMG_1468832913.071000000.jpg -82.204955 -67.939452 179.969180 657733.121188 6860686.926989 52.771234
IMG_1468832913.215000000.jpg -80.760662 -67.436514 -179.430314 657733.057159 6860686.886955 52.756833
IMG_1468832913.341000000.jpg -79.272625 -67.316718 -179.314606 657732.994304 6860686.873962 52.760710
IMG_1468832913.509000000.jpg -80.686135 -68.321008 178.782186 657732.911585 6860686.838515 52.753316
IMG_1468832913.647000000.jpg -81.009780 -71.055602 179.927753 657732.862699 6860686.822537 52.742096
IMG_1468832913.807000000.jpg -76.409085 -71.575083 -174.874840 657732.816836 6860686.754872 52.709828
IMG_1468832913.980000000.jpg -72.742195 -73.341434 -173.536010 657732.728536 6860686.740744 52.769191
IMG_1468832914.077000000.jpg -77.917465 -75.202677 -179.081624 657732.665651 6860686.730768 52.754122
IMG_1468832914.245000000.jpg -85.069781 -75.288474 174.009300 657732.592387 6860686.678498 52.707074
IMG_1468832914.385000000.jpg -85.794195 -74.318480 173.443318 657732.481828 6860686.749325 52.722521
IMG_1468832914.544000000.jpg -82.698193 -75.287207 177.127710 657732.429152 6860686.760602 52.716771
IMG_1468832914.683000000.jpg -81.274920 -76.849449 177.478756 657732.361616 6860686.747175 52.716592
IMG_1468832915.049000000.jpg -83.847498 -74.794438 175.617838 657732.186100 6860686.742418 52.694899
IMG_1468832915.187000000.jpg -81.826069 -74.958165 176.901025 657732.134419 6860686.724780 52.696110
IMG_1468832915.350000000.jpg -76.985477 -73.838019 -178.234559 657732.084269 6860686.712256 52.687520
IMG_1468832915.484000000.jpg -76.702724 -71.543162 -178.943913 657732.015981 6860686.758463 52.730619
IMG_1468832915.659000000.jpg -84.414918 -73.989538 173.261756 657731.943256 6860686.760336 52.717603
IMG_1468832915.821000000.jpg -85.916547 -67.631753 172.163489 657731.894657 6860686.800310 52.696834
IMG_1468832915.989000000.jpg -81.975038 -65.565152 176.041844 657731.820523 6860686.923662 52.734355
IMG_1468832916.155000000.jpg -74.905884 -67.472488 -176.864969 657731.794283 6860686.933652 52.749359
IMG_1468832916.257000000.jpg -76.673198 -67.664316 -178.547600 657731.785738 6860686.929919 52.750811
IMG_1468832916.423000000.jpg -79.873481 -67.697338 178.011431 657731.725298 6860686.992083 52.757384
IMG_1468832916.525000000.jpg -80.006312 -68.230191 177.205903 657731.692770 6860687.021860 52.748181
IMG_1468832916.690000000.jpg -76.730752 -68.055392 -179.081949 657731.687120 6860687.026611 52.744509
IMG_1468832916.861000000.jpg -74.355854 -67.942370 -176.462279 657731.654118 6860687.057221 52.771603
IMG_1468832916.995000000.jpg -78.365085 -65.216919 -179.045328 657731.658979 6860687.114561 52.777724
IMG_1468832917.126000000.jpg -80.351101 -64.340230 178.746773 657731.647097 6860687.207137 52.813776
IMG_1468832917.263000000.jpg -82.062508 -65.591691 175.241371 657731.623116 6860687.324845 52.855866
IMG_1468832917.428000000.jpg -86.134447 -66.983650 170.313512 657731.660585 6860687.364927 52.844970
IMG_1468832917.597000000.jpg -86.013593 -66.761871 171.095457 657731.694488 6860687.435681 52.844710
IMG_1468832917.765000000.jpg -85.642774 -67.179568 172.447471 657731.702817 6860687.519691 52.880881
IMG_1468832917.901000000.jpg -90.237662 -67.982959 167.619256 657731.728306 6860687.570456 52.873434
IMG_1468832918.068000000.jpg -88.855656 -68.495100 168.287253 657731.806723 6860687.633048 52.862104
IMG_1468832918.166000000.jpg -85.817769 -69.000626 171.127903 657731.839249 6860687.667232 52.855868
IMG_1468832918.338000000.jpg -81.198257 -69.528934 178.008848 657731.882571 6860687.730506 52.874200
IMG_1468832918.468000000.jpg -81.364960 -67.628330 179.664028 657731.936804 6860687.780629 52.891389
IMG_1468832918.638000000.jpg -83.965326 -65.377976 177.400286 657731.976974 6860687.877151 52.895976
IMG_1468832918.768000000.jpg -84.204351 -65.121937 177.126409 657731.999696 6860687.952804 52.901785
IMG_1468832918.900000000.jpg -81.997713 -65.362358 178.936447 657732.030182 6860688.022725 52.920688
IMG_1468832919.034000000.jpg -81.202719 -65.052133 178.453858 657732.026459 6860688.065742 52.936687
IMG_1468832919.169000000.jpg -81.150524 -63.427530 179.181068 657732.070265 6860688.144495 52.950159
IMG_1468832919.342000000.jpg -81.686324 -64.469056 178.861153 657732.085152 6860688.229208 52.956311
IMG_1468832919.438000000.jpg -82.047650 -65.111625 178.874123 657732.108874 6860688.268069 52.963735
IMG_1468832919.607000000.jpg -82.840793 -63.933136 177.469847 657732.155183 6860688.341619 52.966076
IMG_1468832919.769000000.jpg -81.473888 -65.337046 178.094735 657732.290244 6860688.404167 52.976837
IMG_1468832919.912000000.jpg -81.715880 -65.052602 179.934480 657732.281018 6860688.452673 52.991755
IMG_1468832920.039000000.jpg -81.592303 -64.811290 -179.573446 657732.317622 6860688.521322 53.005590
IMG_1468832920.212000000.jpg -84.083992 -65.052126 178.640695 657732.353518 6860688.597363 53.012079
IMG_1468832920.343000000.jpg -81.853183 -66.433715 -179.227103 657732.356867 6860688.689575 53.006644
IMG_1468832920.513000000.jpg -75.856479 -69.905866 -174.930551 657732.398137 6860688.770815 53.042284
IMG_1468832920.613000000.jpg -76.694188 -69.160279 -176.639573 657732.403566 6860688.814065 53.057431
IMG_1468832920.924000000.jpg -76.168328 -65.770454 -176.293247 657732.422711 6860688.941319 53.089496
IMG_1468832921.282000000.jpg -79.476847 -66.179797 176.817499 657732.584306 6860689.088378 53.118518
IMG_1468832921.419000000.jpg -81.703774 -66.549118 174.716217 657732.565445 6860689.166663 53.147782
IMG_1468832921.583000000.jpg -87.120717 -64.789377 170.590950 657732.615896 6860689.234826 53.164078
IMG_1468832921.716000000.jpg -87.268790 -65.308749 171.359882 657732.647944 6860689.298573 53.169219
IMG_1468832921.818000000.jpg -88.059104 -64.910083 171.063845 657732.670544 6860689.348884 53.174691
IMG_1468832921.985000000.jpg -83.284974 -63.893564 177.730264 657732.734010 6860689.421146 53.176587
IMG_1468832922.116000000.jpg -80.883258 -64.431043 179.216362 657732.750581 6860689.478641 53.189382
IMG_1468832922.295000000.jpg -78.457711 -64.175946 -177.026610 657732.802780 6860689.559588 53.215157
IMG_1468832922.451000000.jpg -81.387593 -63.874217 179.431174 657732.815959 6860689.645870 53.236896
IMG_1468832922.625000000.jpg -82.915718 -62.626057 175.926950 657732.869469 6860689.707626 53.240497
IMG_1468832922.789000000.jpg -78.825489 -61.386000 -179.641646 657732.995055 6860689.717437 53.238411
IMG_1468832922.923000000.jpg -79.377777 -59.698638 179.977029 657732.980758 6860689.808268 53.270509
IMG_1468832923.097000000.jpg -80.808652 -58.039544 179.967577 657733.018574 6860689.880409 53.282742
IMG_1468832923.459000000.jpg -81.698635 -54.952298 179.933841 657733.062747 6860690.085243 53.296524
IMG_1468832923.591000000.jpg -79.325755 -53.507849 -178.993451 657733.100366 6860690.137059 53.320097
IMG_1468832923.761000000.jpg -79.767009 -53.985248 178.757636 657733.130582 6860690.236536 53.343203
IMG_1468832923.894000000.jpg -81.091449 -56.370462 175.966336 657733.151600 6860690.299730 53.358638
IMG_1468832924.304000000.jpg -77.666848 -56.898367 177.747309 657733.344708 6860690.383767 53.352947
IMG_1468832924.463000000.jpg -77.571923 -56.660506 177.686221 657733.377545 6860690.479599 53.387671
IMG_1468832924.806000000.jpg -77.911289 -55.173142 179.468864 657733.485900 6860690.600055 53.399543
IMG_1468832924.932000000.jpg -78.778559 -53.070040 178.322327 657733.533755 6860690.666673 53.414539
IMG_1468832925.103000000.jpg -78.909258 -51.502160 178.681397 657733.582004 6860690.753751 53.428689
IMG_1468832925.469000000.jpg -77.798804 -48.934932 179.710558 657733.724834 6860690.887186 53.460588
IMG_1468832925.602000000.jpg -77.371170 -49.222175 179.413007 657733.775802 6860690.955710 53.468166
IMG_1468832925.770000000.jpg -75.713860 -51.018682 -178.179052 657733.889091 6860690.935887 53.456639
IMG_1468832925.908000000.jpg -75.468147 -51.619469 -177.645217 657733.937309 6860690.969561 53.479898
IMG_1468832926.038000000.jpg -77.808464 -50.246770 -179.333148 657733.978166 6860691.020580 53.493565
IMG_1468832926.409000000.jpg -83.139859 -48.867045 177.047894 657734.119666 6860691.148649 53.507357
IMG_1468832926.784000000.jpg -78.177541 -41.249123 -179.637918 657734.275058 6860691.241204 53.539273
IMG_1468832926.917000000.jpg -78.161332 -41.068034 -179.447669 657734.332584 6860691.257162 53.542295
IMG_1468832927.073000000.jpg -79.317991 -39.466261 179.453237 657734.416142 6860691.266755 53.541744
IMG_1468832927.246000000.jpg -79.473922 -39.505160 178.386649 657734.527795 6860691.211161 53.541343
IMG_1468832927.380000000.jpg -79.235916 -41.698054 178.803216 657734.605732 6860691.258689 53.550464
IMG_1468832927.511000000.jpg -78.907746 -43.203278 -179.617683 657734.656673 6860691.229746 53.551225
IMG_1468832927.648000000.jpg -78.524576 -41.078075 -179.686230 657734.721524 6860691.264304 53.555942
IMG_1468832927.782000000.jpg -80.242993 -39.119842 178.803772 657734.802124 6860691.270468 53.552200
IMG_1468832927.917000000.jpg -80.228775 -37.981060 179.810521 657734.874000 6860691.266889 53.555335
IMG_1468832928.280000000.jpg -80.879183 -35.821441 179.059742 657735.077534 6860691.301331 53.553527
IMG_1468832928.458000000.jpg -82.097037 -35.062448 178.088903 657735.156897 6860691.272548 53.560249
IMG_1468832928.619000000.jpg -83.920251 -34.464545 175.928561 657735.293359 6860691.217791 53.549237
IMG_1468832928.791000000.jpg -83.487612 -35.074722 175.950662 657735.376748 6860691.196700 53.553022
IMG_1468832928.952000000.jpg -83.828377 -35.119430 176.007429 657735.459571 6860691.180778 53.561504
IMG_1468832929.124000000.jpg -83.535154 -33.874004 176.002707 657735.501326 6860691.183085 53.551287
IMG_1468832929.288000000.jpg -83.516102 -32.957376 176.527389 657735.606081 6860691.168148 53.547828
IMG_1468832929.663000000.jpg -83.074798 -32.763494 176.762123 657735.827717 6860691.142434 53.547222
IMG_1468832930.023000000.jpg -85.941889 -35.308855 174.229705 657736.003483 6860691.063658 53.520413
IMG_1468832930.160000000.jpg -85.444877 -35.235256 174.228231 657736.073609 6860691.039312 53.535632
IMG_1468832930.329000000.jpg -85.221159 -34.583249 174.260218 657736.141212 6860691.006530 53.557253
IMG_1468832930.700000000.jpg -85.620175 -31.480260 174.644473 657736.345590 6860690.943113 53.549024
IMG_1468832931.074000000.jpg -87.092721 -29.326640 174.398983 657736.555251 6860690.893384 53.528967
IMG_1468832931.201000000.jpg -86.502333 -29.261727 175.268591 657736.621364 6860690.857648 53.512298
IMG_1468832931.365000000.jpg -87.203830 -29.628814 174.728781 657736.680874 6860690.796109 53.505367
IMG_1468832931.501000000.jpg -86.096629 -30.221310 175.975060 657736.763232 6860690.782885 53.491211
IMG_1468832931.631000000.jpg -85.427053 -30.739397 177.373949 657736.839220 6860690.740192 53.496496
IMG_1468832931.800000000.jpg -84.665108 -31.539397 177.620713 657736.908979 6860690.742865 53.512385
IMG_1468832931.937000000.jpg -84.799397 -30.284086 177.780982 657736.989468 6860690.737452 53.505680
IMG_1468832932.101000000.jpg -85.210504 -29.228230 177.677049 657737.077109 6860690.710862 53.509453
IMG_1468832932.270000000.jpg -85.394318 -29.726732 176.848817 657737.130539 6860690.699314 53.511796
IMG_1468832932.438000000.jpg -84.393147 -28.923243 177.783543 657737.247767 6860690.679850 53.511319
IMG_1468832932.604000000.jpg -84.650282 -26.674335 178.402669 657737.327565 6860690.656889 53.531330
IMG_1468832932.773000000.jpg -87.347446 -25.809340 175.855935 657737.346265 6860690.641293 53.494320
IMG_1468832932.944000000.jpg -85.998655 -26.735749 176.122003 657737.480513 6860690.587378 53.471827
IMG_1468832933.109000000.jpg -85.319277 -27.184260 177.990425 657737.541659 6860690.560303 53.497007
IMG_1468832933.509000000.jpg -86.908777 -25.314512 176.032620 657737.739820 6860690.533840 53.498430
IMG_1468832933.680000000.jpg -87.517628 -22.694927 175.926242 657737.805542 6860690.510287 53.512145
IMG_1468832933.841000000.jpg -86.122307 -20.666706 176.734880 657737.860744 6860690.497953 53.505488
IMG_1468832934.013000000.jpg -86.158734 -19.901786 176.124997 657737.977459 6860690.485016 53.483382
IMG_1468832934.177000000.jpg -87.345309 -20.396682 175.219754 657738.053762 6860690.458936 53.487581
IMG_1468832934.312000000.jpg -87.086996 -20.687382 174.983365 657738.049021 6860690.438971 53.465528
IMG_1468832934.483000000.jpg -87.014206 -21.437274 175.575710 657738.185287 6860690.398595 53.485063
IMG_1468832934.646000000.jpg -87.499959 -21.267727 176.015438 657738.259960 6860690.386953 53.486865
IMG_1468832934.819000000.jpg -86.861763 -20.512614 176.738870 657738.330966 6860690.379778 53.496924
IMG_1468832934.949000000.jpg -87.138850 -18.087508 176.488744 657738.405243 6860690.382576 53.480949
IMG_1468832935.119000000.jpg -86.938893 -15.783854 175.845423 657738.496461 6860690.359213 53.472346
IMG_1468832935.287000000.jpg -87.550290 -16.931407 173.976508 657738.538849 6860690.383533 53.495878
IMG_1468832935.451000000.jpg -88.169518 -16.275842 173.992321 657738.627680 6860690.353204 53.480235
IMG_1468832935.560000000.jpg -88.169554 -16.884549 174.133057 657738.658585 6860690.344642 53.480393
IMG_1468832935.722000000.jpg -88.557690 -14.972038 174.704590 657738.734042 6860690.328860 53.472603
IMG_1468832935.891000000.jpg -86.468807 -15.086275 176.365797 657738.753432 6860690.299591 53.449460
IMG_1468832936.256000000.jpg -85.309945 -15.191797 177.827745 657738.929876 6860690.239981 53.469942
IMG_1468832936.425000000.jpg -85.605731 -14.284747 178.457170 657738.981786 6860690.236356 53.464703
IMG_1468832936.591000000.jpg -85.521574 -14.014883 178.288779 657739.025860 6860690.249595 53.462879
IMG_1468832936.725000000.jpg -85.341694 -14.316505 178.347684 657739.069658 6860690.238899 53.465909
IMG_1468832936.897000000.jpg -85.197277 -14.798973 176.170308 657739.108192 6860690.256363 53.472410
